msmarco: 21.92356437444687
arguana: 34.126684069633484
dbpedia-entity: 31.168818473815918
