msmarco: 21.92356437444687
arguana: 34.126684069633484
dbpedia-entity: 31.168818473815918
arguana: 34.11515653133392
climate-fever: 12.63992041349411
dbpedia-entity: 31.13357126712799
fever: 40.2109831571579
fiqa: 25.138965249061584
hotpotqa: 48.94252121448517
nfcorpus: 31.618008017539978
nq: 23.48940223455429
quora: 80.4327130317688
scifact: 67.16991066932678
webis-touche2020: 38.42264115810394
trec-covid: 62.63701319694519
cqadupstack/android: 35.08327603340149
cqadupstack/english: 30.618196725845337
cqadupstack/gaming: 42.352405190467834
cqadupstack/gis: 26.95116400718689
cqadupstack/mathematica: 19.57428604364395
cqadupstack/physics: 30.80383837223053
cqadupstack/programmers: 26.432296633720398
cqadupstack/stats: 24.657563865184784
cqadupstack/tex: 22.02427387237549
cqadupstack/unix: 25.41062831878662
cqadupstack/webmasters: 28.182804584503174
cqadupstack/wordpress: 24.169883131980896
